3179027.00,3698167.00,3374261.00,306324.00,2017.00,25879004.00,19.98,19.95,70.16,NORMAL
3155174.00,170183.00,3374270.00,5248443.00,2013.00,25883848.00,19.98,19.92,70.19,NORMAL
3133118.00,104012.00,3373802.00,5184228.00,1940.00,25698905.00,19.98,19.95,70.16,NORMAL
3152976.00,319957.00,3375004.00,5232272.00,1956.00,26040278.00,19.98,19.92,70.22,NORMAL
3161126.00,386162.00,3374174.00,5202414.00,2007.00,26025930.00,19.98,19.92,70.22,NORMAL
3118705.00,445792.00,3374264.00,5172005.00,1954.00,25986114.00,19.98,19.92,70.22,NORMAL
3143187.00,152023.00,3374324.00,5162311.00,1988.00,25958947.00,19.98,19.92,70.19,NORMAL
3165084.00,110058.00,3374309.00,5186433.00,1940.00,25781693.00,19.98,19.92,70.19,NORMAL
3174953.00,421993.00,3374175.00,5127998.00,1993.00,25779870.00,19.98,19.92,70.25,NORMAL
3201383.00,356130.00,3374159.00,5162353.00,1941.00,25781507.00,19.98,19.95,70.19,NORMAL
3212954.00,433950.00,3374722.00,5188415.00,1893.00,25920726.00,19.98,19.95,70.25,NORMAL
3220832.00,626118.00,3373853.00,5180295.00,1755.00,25999755.00,19.98,19.98,70.22,NORMAL
3191225.00,104130.00,3374186.00,5166196.00,1736.00,25718873.00,19.98,19.95,70.25,NORMAL
3184996.00,320038.00,3380296.00,5184163.00,1907.00,25641301.00,19.98,19.95,70.31,NORMAL
3192430.00,260107.00,3374173.00,5198375.00,1966.00,25901409.00,19.98,19.95,70.25,NORMAL
3202993.00,26254.00,3374300.00,5188377.00,1916.00,25659381.00,19.98,19.92,70.28,NORMAL
3205471.00,332261.00,3374060.00,5168232.00,1959.00,26082437.00,19.98,19.92,70.31,NORMAL
3171103.00,559725.00,3373988.00,5160456.00,1813.00,25859831.00,19.98,19.95,70.28,NORMAL
3181595.00,728118.00,3374162.00,5156272.00,1864.00,25838671.00,19.98,19.95,70.19,NORMAL
3171435.00,667878.00,3374229.00,5144229.00,1901.00,25779290.00,19.98,19.95,70.19,NORMAL
3159350.00,422355.00,3374055.00,5106217.00,1955.00,25559398.00,19.98,19.95,70.14,NORMAL
3219162.00,446220.00,3374360.00,5158377.00,1881.00,25680157.00,19.98,19.95,70.22,NORMAL
3200985.00,560001.00,3374346.00,5172103.00,1929.00,25539230.00,19.98,19.92,70.25,NORMAL
3251455.00,866244.00,3374338.00,5180341.00,1954.00,25979343.00,19.98,19.95,70.25,NORMAL
3236952.00,757853.00,3374187.00,5192439.00,1998.00,25799624.00,19.98,19.92,70.22,NORMAL
3217095.00,308115.00,3373972.00,5170378.00,1962.00,25781705.00,19.98,19.95,70.25,NORMAL
3230882.00,752062.00,3368384.00,5144154.00,1862.00,25778799.00,19.98,19.95,70.31,NORMAL
3197464.00,554039.00,3374367.00,5104343.00,1964.00,25419780.00,19.98,19.95,70.22,NORMAL
3187425.00,769745.00,3374007.00,5106438.00,1889.00,25679126.00,19.98,19.95,70.19,NORMAL
3246934.00,944209.00,3374284.00,5156237.00,1990.00,25920596.00,19.98,19.95,70.28,NORMAL
3241100.00,818095.00,3373962.00,5172179.00,2037.00,25781568.00,19.98,19.95,70.25,NORMAL
3246890.00,758335.00,3374732.00,5186449.00,1970.00,25659175.00,19.98,19.95,70.25,NORMAL
3231053.00,158027.00,3374038.00,5174261.00,1924.00,25640046.00,19.98,19.92,70.31,NORMAL
3245318.00,3691950.00,3373947.00,5184393.00,1905.00,25578846.00,19.98,19.95,70.33,NORMAL
3213302.00,866177.00,3373993.00,5154439.00,1958.00,25701510.00,19.98,19.95,70.33,NORMAL
3206956.00,668258.00,3368334.00,5148127.00,1955.00,25580035.00,19.98,19.92,70.14,NORMAL
3194854.00,1045834.00,3374277.00,5102280.00,1876.00,25881637.00,19.98,19.95,70.14,NORMAL
3251490.00,835919.00,3368159.00,5152231.00,2017.00,25661200.00,19.98,19.95,70.19,NORMAL
3264899.00,62240.00,3368074.00,5140413.00,2043.00,25481217.00,19.98,19.95,70.19,NORMAL
3264774.00,49894.00,3374177.00,5154502.00,1948.00,25439991.00,19.98,19.92,70.31,NORMAL
3257393.00,764019.00,3368238.00,5144152.00,1985.00,25559327.00,19.98,19.95,70.25,NORMAL
3196660.00,764049.00,3374281.00,5160434.00,1944.00,25419978.00,19.98,19.95,70.19,NORMAL
3198851.00,289787.00,3380121.00,5064364.00,1970.00,25761616.00,19.98,19.92,70.14,NORMAL
3249498.00,476076.00,3380134.00,5134055.00,1990.00,25919204.00,19.98,19.95,70.31,NORMAL
3284712.00,734487.00,3373911.00,5148167.00,1949.00,25459204.00,19.98,19.95,70.31,NORMAL
3261442.00,998116.00,3374099.00,5142535.00,1981.00,25859790.00,19.98,19.95,70.28,NORMAL
3215135.00,740157.00,3373919.00,5114131.00,1980.00,25518872.00,19.98,19.95,70.19,NORMAL
3237342.00,890049.00,3374230.00,5154267.00,1935.00,25541416.00,19.98,19.95,70.19,NORMAL
3247123.00,1291971.00,3374047.00,5138380.00,2090.00,25982347.00,19.98,19.92,70.25,NORMAL
3251407.00,1081914.00,3373881.00,5156264.00,1988.00,25718953.00,19.98,19.95,70.25,NORMAL
3227419.00,1112019.00,3374249.00,5144091.00,1978.00,25839735.00,19.98,19.92,70.31,NORMAL
3218959.00,259801.00,3368237.00,5138365.00,2133.00,25740733.00,19.98,19.95,70.22,NORMAL
3201265.00,914593.00,3374423.00,5132181.00,1931.00,25599346.00,19.98,19.98,70.14,NORMAL
3228934.00,1400061.00,3374403.00,5128214.00,2000.00,25968215.00,19.98,19.95,70.19,NORMAL
3264869.00,1273787.00,3368177.00,5150145.00,1961.00,25879825.00,19.98,19.92,70.22,NORMAL
3287480.00,1370145.00,3374146.00,5160199.00,1957.00,25999695.00,19.98,19.95,70.31,NORMAL
3305041.00,956212.00,3374172.00,5156453.00,1898.00,25621083.00,19.98,19.95,70.33,NORMAL
3281439.00,656090.00,3374243.00,5164452.00,1963.00,26100928.00,19.98,19.95,70.28,NORMAL
3259287.00,1412058.00,3374598.00,5124357.00,1929.00,25958953.00,19.98,19.92,70.19,NORMAL
3221197.00,3698007.00,3368188.00,5090361.00,1981.00,25278867.00,19.98,19.92,70.16,NORMAL
3295273.00,1316062.00,3373813.00,5148301.00,1957.00,25881662.00,19.98,19.92,70.16,NORMAL
3265055.00,1286059.00,3374052.00,5152320.00,1958.00,25939968.00,19.98,19.92,70.31,NORMAL
3253279.00,1334170.00,3374081.00,5156186.00,1911.00,25921152.00,19.98,19.92,70.25,NORMAL
3233457.00,800212.00,3368414.00,5124322.00,1962.00,25979996.00,19.98,19.92,70.19,NORMAL
2241337.00,3506110.00,4094176.00,4780286.00,1985.00,18059205.00,16.97,16.92,60.22,NORMAL
2241337.00,44121.00,4100377.00,4780286.00,1985.00,24299559.00,16.97,16.92,60.22,NORMAL
2227408.00,830003.00,4106332.00,4776146.00,1857.00,25141017.00,16.97,16.92,60.13,NORMAL
2223343.00,3511919.00,4100863.00,4716272.00,2045.00,23920410.00,16.95,16.86,60.19,NORMAL
2243089.00,554172.00,4094233.00,4790223.00,1956.00,24821247.00,16.97,16.92,60.22,NORMAL
2235206.00,3506115.00,4100181.00,4788140.00,1941.00,23620940.00,16.95,16.86,60.22,NORMAL
2231101.00,182144.00,4088716.00,4758133.00,2065.00,24439370.00,16.97,16.89,60.16,NORMAL
2225408.00,3499989.00,4088268.00,4730160.00,1997.00,23280956.00,16.97,16.89,60.13,NORMAL
2240879.00,3506106.00,4106203.00,4798486.00,1875.00,24098800.00,16.97,16.92,60.22,NORMAL
2232980.00,595988.00,4106750.00,4792381.00,1990.00,24880339.00,16.97,16.86,60.27,NORMAL
2227067.00,3506099.00,4100184.00,4762370.00,1955.00,23699883.00,16.97,16.89,60.16,NORMAL
2218814.00,332106.00,4094567.00,4720475.00,2111.00,24579895.00,16.97,16.89,60.16,NORMAL
2236829.00,3512014.00,4106307.00,4802198.00,2137.00,23439343.00,16.97,16.92,60.22,NORMAL
2234424.00,3512784.00,4100856.00,4796045.00,1990.00,24240265.00,16.97,16.92,60.22,NORMAL
2227291.00,740135.00,4106907.00,4782360.00,1868.00,25039282.00,16.95,16.86,60.13,NORMAL
2222913.00,3505947.00,4106244.00,4680015.00,1850.00,23819849.00,16.95,16.86,60.16,NORMAL
2243280.00,602688.00,4105938.00,4796256.00,1960.00,24779250.00,16.97,16.86,60.22,NORMAL
2236794.00,3506659.00,4094398.00,4778263.00,1991.00,23699614.00,16.95,16.86,60.19,NORMAL
2228755.00,272290.00,4100208.00,4714266.00,1953.00,24540454.00,16.95,16.86,60.16,NORMAL
2240950.00,3505883.00,4094193.00,4768164.00,1980.00,23399839.00,16.95,16.86,60.16,NORMAL
2234859.00,194066.00,4100118.00,4806471.00,1964.00,22319939.00,16.97,16.86,60.27,NORMAL
2234748.00,3505983.00,4100028.00,4752156.00,1955.00,23359391.00,16.95,16.86,60.19,NORMAL
3179027.00,3698167.00,3374261.00,306324.00,2017.00,25879004.00,19.98,19.95,70.16,NORMAL
3155174.00,170183.00,3374270.00,5248443.00,2013.00,25883848.00,19.98,19.92,70.19,NORMAL
3133118.00,104012.00,3373802.00,5184228.00,1940.00,25698905.00,19.98,19.95,70.16,NORMAL
3152976.00,319957.00,3375004.00,5232272.00,1956.00,26040278.00,19.98,19.92,70.22,NORMAL
3161126.00,386162.00,3374174.00,5202414.00,2007.00,26025930.00,19.98,19.92,70.22,NORMAL
3118705.00,445792.00,3374264.00,5172005.00,1954.00,25986114.00,19.98,19.92,70.22,NORMAL
3143187.00,152023.00,3374324.00,5162311.00,1988.00,25958947.00,19.98,19.92,70.19,NORMAL
3165084.00,110058.00,3374309.00,5186433.00,1940.00,25781693.00,19.98,19.92,70.19,NORMAL
3174953.00,421993.00,3374175.00,5127998.00,1993.00,25779870.00,19.98,19.92,70.25,NORMAL
3201383.00,356130.00,3374159.00,5162353.00,1941.00,25781507.00,19.98,19.95,70.19,NORMAL
3212954.00,433950.00,3374722.00,5188415.00,1893.00,25920726.00,19.98,19.95,70.25,NORMAL
3220832.00,626118.00,3373853.00,5180295.00,1755.00,25999755.00,19.98,19.98,70.22,NORMAL
3191225.00,104130.00,3374186.00,5166196.00,1736.00,25718873.00,19.98,19.95,70.25,NORMAL
3184996.00,320038.00,3380296.00,5184163.00,1907.00,25641301.00,19.98,19.95,70.31,NORMAL
3192430.00,260107.00,3374173.00,5198375.00,1966.00,25901409.00,19.98,19.95,70.25,NORMAL
3202993.00,26254.00,3374300.00,5188377.00,1916.00,25659381.00,19.98,19.92,70.28,NORMAL
3205471.00,332261.00,3374060.00,5168232.00,1959.00,26082437.00,19.98,19.92,70.31,NORMAL
3171103.00,559725.00,3373988.00,5160456.00,1813.00,25859831.00,19.98,19.95,70.28,NORMAL
3181595.00,728118.00,3374162.00,5156272.00,1864.00,25838671.00,19.98,19.95,70.19,NORMAL
3171435.00,667878.00,3374229.00,5144229.00,1901.00,25779290.00,19.98,19.95,70.19,NORMAL
3159350.00,422355.00,3374055.00,5106217.00,1955.00,25559398.00,19.98,19.95,70.14,NORMAL
3219162.00,446220.00,3374360.00,5158377.00,1881.00,25680157.00,19.98,19.95,70.22,NORMAL
3200985.00,560001.00,3374346.00,5172103.00,1929.00,25539230.00,19.98,19.92,70.25,NORMAL
3251455.00,866244.00,3374338.00,5180341.00,1954.00,25979343.00,19.98,19.95,70.25,NORMAL
3236952.00,757853.00,3374187.00,5192439.00,1998.00,25799624.00,19.98,19.92,70.22,NORMAL
3217095.00,308115.00,3373972.00,5170378.00,1962.00,25781705.00,19.98,19.95,70.25,NORMAL
3230882.00,752062.00,3368384.00,5144154.00,1862.00,25778799.00,19.98,19.95,70.31,NORMAL
3197464.00,554039.00,3374367.00,5104343.00,1964.00,25419780.00,19.98,19.95,70.22,NORMAL
3187425.00,769745.00,3374007.00,5106438.00,1889.00,25679126.00,19.98,19.95,70.19,NORMAL
3246934.00,944209.00,3374284.00,5156237.00,1990.00,25920596.00,19.98,19.95,70.28,NORMAL
3241100.00,818095.00,3373962.00,5172179.00,2037.00,25781568.00,19.98,19.95,70.25,NORMAL
3246890.00,758335.00,3374732.00,5186449.00,1970.00,25659175.00,19.98,19.95,70.25,NORMAL
3231053.00,158027.00,3374038.00,5174261.00,1924.00,25640046.00,19.98,19.92,70.31,NORMAL
3245318.00,3691950.00,3373947.00,5184393.00,1905.00,25578846.00,19.98,19.95,70.33,NORMAL
3213302.00,866177.00,3373993.00,5154439.00,1958.00,25701510.00,19.98,19.95,70.33,NORMAL
3206956.00,668258.00,3368334.00,5148127.00,1955.00,25580035.00,19.98,19.92,70.14,NORMAL
3194854.00,1045834.00,3374277.00,5102280.00,1876.00,25881637.00,19.98,19.95,70.14,NORMAL
3251490.00,835919.00,3368159.00,5152231.00,2017.00,25661200.00,19.98,19.95,70.19,NORMAL
3264899.00,62240.00,3368074.00,5140413.00,2043.00,25481217.00,19.98,19.95,70.19,NORMAL
3264774.00,49894.00,3374177.00,5154502.00,1948.00,25439991.00,19.98,19.92,70.31,NORMAL
3257393.00,764019.00,3368238.00,5144152.00,1985.00,25559327.00,19.98,19.95,70.25,NORMAL
3196660.00,764049.00,3374281.00,5160434.00,1944.00,25419978.00,19.98,19.95,70.19,NORMAL
3198851.00,289787.00,3380121.00,5064364.00,1970.00,25761616.00,19.98,19.92,70.14,NORMAL
3249498.00,476076.00,3380134.00,5134055.00,1990.00,25919204.00,19.98,19.95,70.31,NORMAL
3284712.00,734487.00,3373911.00,5148167.00,1949.00,25459204.00,19.98,19.95,70.31,NORMAL
3261442.00,998116.00,3374099.00,5142535.00,1981.00,25859790.00,19.98,19.95,70.28,NORMAL
3215135.00,740157.00,3373919.00,5114131.00,1980.00,25518872.00,19.98,19.95,70.19,NORMAL
3237342.00,890049.00,3374230.00,5154267.00,1935.00,25541416.00,19.98,19.95,70.19,NORMAL
3247123.00,1291971.00,3374047.00,5138380.00,2090.00,25982347.00,19.98,19.92,70.25,NORMAL
3251407.00,1081914.00,3373881.00,5156264.00,1988.00,25718953.00,19.98,19.95,70.25,NORMAL
3227419.00,1112019.00,3374249.00,5144091.00,1978.00,25839735.00,19.98,19.92,70.31,NORMAL
3218959.00,259801.00,3368237.00,5138365.00,2133.00,25740733.00,19.98,19.95,70.22,NORMAL
3201265.00,914593.00,3374423.00,5132181.00,1931.00,25599346.00,19.98,19.98,70.14,NORMAL
3228934.00,1400061.00,3374403.00,5128214.00,2000.00,25968215.00,19.98,19.95,70.19,NORMAL
3264869.00,1273787.00,3368177.00,5150145.00,1961.00,25879825.00,19.98,19.92,70.22,NORMAL
3287480.00,1370145.00,3374146.00,5160199.00,1957.00,25999695.00,19.98,19.95,70.31,NORMAL
3305041.00,956212.00,3374172.00,5156453.00,1898.00,25621083.00,19.98,19.95,70.33,NORMAL
3281439.00,656090.00,3374243.00,5164452.00,1963.00,26100928.00,19.98,19.95,70.28,NORMAL
3259287.00,1412058.00,3374598.00,5124357.00,1929.00,25958953.00,19.98,19.92,70.19,NORMAL
3221197.00,3698007.00,3368188.00,5090361.00,1981.00,25278867.00,19.98,19.92,70.16,NORMAL
3295273.00,1316062.00,3373813.00,5148301.00,1957.00,25881662.00,19.98,19.92,70.16,NORMAL
3265055.00,1286059.00,3374052.00,5152320.00,1958.00,25939968.00,19.98,19.92,70.31,NORMAL
3253279.00,1334170.00,3374081.00,5156186.00,1911.00,25921152.00,19.98,19.92,70.25,NORMAL
3233457.00,800212.00,3368414.00,5124322.00,1962.00,25979996.00,19.98,19.92,70.19,NORMAL
3291254.00,3698054.00,3374174.00,2714276.00,1878.00,26185792.00,28.96,28.90,70.31,FALHA_INJ
3606513.00,146162.00,3368414.00,4552370.00,1919.00,26479724.00,28.96,28.90,70.19,FALHA_INJ
3590571.00,3686108.00,3368172.00,4516297.00,1900.00,26358930.00,28.99,28.93,70.25,FALHA_INJ
3582985.00,296165.00,3368108.00,4454347.00,2020.00,26485654.00,28.99,28.93,70.25,FALHA_INJ
3580730.00,194073.00,3374271.00,4472242.00,1961.00,26179170.00,28.96,28.90,70.25,FALHA_INJ
3599317.00,290049.00,3374167.00,4474409.00,2037.00,26199857.00,28.96,28.90,70.31,FALHA_INJ
3615460.00,3679947.00,3374307.00,4508230.00,1922.00,26299037.00,28.99,28.93,70.16,FALHA_INJ
3617003.00,517684.00,3374111.00,4504240.00,1983.00,26484957.00,28.99,28.93,70.19,FALHA_INJ
3587369.00,283966.00,3368208.00,4454366.00,2036.00,26181043.00,28.99,28.93,70.16,FALHA_INJ
3583453.00,3685858.00,3373950.00,4458109.00,1843.00,25999112.00,28.96,28.90,70.25,FALHA_INJ
3591100.00,530369.00,3374216.00,4452446.00,1945.00,26379604.00,28.96,28.90,70.28,FALHA_INJ
3603132.00,140019.00,3374176.00,4454194.00,1961.00,26280082.00,28.96,28.93,70.31,FALHA_INJ
3609018.00,3691902.00,3374001.00,4450166.00,1949.00,25960806.00,28.99,28.96,70.25,FALHA_INJ
3611254.00,656037.00,3368014.00,4474399.00,1979.00,26361948.00,28.99,28.93,70.16,FALHA_INJ
3627352.00,655911.00,3368323.00,4504396.00,1982.00,26439974.00,28.99,28.93,70.19,FALHA_INJ
3603140.00,578293.00,3368225.00,4496367.00,1994.00,26301701.00,28.96,28.90,70.16,FALHA_INJ
3578335.00,373870.00,3374114.00,4454173.00,1969.00,25879304.00,28.99,28.93,70.25,FALHA_INJ
3603203.00,3685961.00,3374233.00,4460200.00,1970.00,26079781.00,28.99,28.93,70.25,FALHA_INJ
3606946.00,824032.00,3374066.00,4460263.00,1990.00,26345788.00,28.99,28.93,70.25,FALHA_INJ
3626947.00,404188.00,3374238.00,4492091.00,1960.00,26366128.00,28.96,28.90,70.19,FALHA_INJ
3633070.00,691975.00,3368293.00,4542388.00,1887.00,26239671.00,28.96,28.93,70.19,FALHA_INJ
3599176.00,386306.00,3374187.00,4432053.00,1988.00,26459825.00,28.99,28.93,70.22,FALHA_INJ
3609530.00,415964.00,3374193.00,4492384.00,1917.00,26440917.00,28.96,28.93,70.31,FALHA_INJ
3596680.00,854039.00,3374607.00,4448342.00,1954.00,26400821.00,28.99,28.90,70.25,FALHA_INJ
3606415.00,866158.00,3373899.00,4434424.00,2002.00,26339717.00,28.96,28.90,70.33,FALHA_INJ
3609217.00,547905.00,3373871.00,4460203.00,1913.00,25941688.00,28.96,28.93,70.31,FALHA_INJ
3627473.00,860140.00,3374198.00,4459963.00,1953.00,26279607.00,28.99,28.93,70.28,FALHA_INJ
3627209.00,212096.00,3374252.00,4474298.00,1908.00,26259364.00,28.99,28.96,70.25,FALHA_INJ
3641008.00,986297.00,3373903.00,4478201.00,1929.00,26467486.00,28.99,28.93,70.16,FALHA_INJ
3916969.00,722173.00,3374176.00,4816309.00,2019.00,26481280.00,24.99,24.94,70.19,FALHA_INJ
3601252.00,1388033.00,3374126.00,5162077.00,1979.00,21559892.00,23.92,23.86,70.16,FALHA_INJ
3601291.00,3686002.00,3374227.00,4534244.00,1737.00,21959881.00,31.28,31.26,70.19,FALHA_INJ
3601432.00,97998.00,3368229.00,5132232.00,1885.00,21899326.00,23.66,23.63,70.14,FALHA_INJ
3601421.00,176127.00,3368212.00,4570148.00,1941.00,21881771.00,29.95,29.92,70.31,FALHA_INJ
3600902.00,218051.00,3368001.00,5144146.00,1930.00,21881816.00,23.58,23.52,70.25,FALHA_INJ
3600831.00,152136.00,3367892.00,5158232.00,1982.00,21799718.00,23.38,23.32,70.28,FALHA_INJ
3601405.00,194165.00,3374307.00,5178155.00,1992.00,21820029.00,23.41,23.35,70.28,FALHA_INJ
3600885.00,206147.00,3368281.00,4470120.00,1998.00,21821563.00,31.26,31.20,70.25,FALHA_INJ
3601282.00,338071.00,3373891.00,5130312.00,1867.00,21899962.00,23.75,23.69,70.25,FALHA_INJ
3601260.00,98261.00,3374380.00,4890372.00,1953.00,21859305.00,26.04,25.99,70.19,FALHA_INJ
3601358.00,8093.00,3368166.00,5118450.00,2014.00,21798880.00,23.95,23.86,70.22,FALHA_INJ
3601295.00,470249.00,3373886.00,4854333.00,2028.00,21924113.00,27.12,27.06,70.25,FALHA_INJ
3601412.00,187861.00,3374267.00,5150105.00,1888.00,21819133.00,23.86,23.80,70.19,FALHA_INJ
3600288.00,266036.00,3374385.00,4426079.00,1960.00,21681145.00,31.71,31.65,70.25,FALHA_INJ
3601285.00,566170.00,3368028.00,5062354.00,1931.00,21985780.00,23.86,23.83,70.25,FALHA_INJ
3600986.00,518311.00,3368107.00,4344292.00,1991.00,21900827.00,31.37,31.31,70.14,FALHA_INJ
3601177.00,607889.00,3374307.00,5000401.00,1935.00,21882216.00,24.14,24.12,70.25,FALHA_INJ
3601306.00,518358.00,3373986.00,4396114.00,1933.00,21839568.00,31.43,31.40,70.36,FALHA_INJ
3601335.00,559969.00,3368222.00,5012178.00,1834.00,21840878.00,24.37,24.34,70.19,FALHA_INJ
3600329.00,464167.00,3368219.00,5060415.00,1928.00,21681661.00,23.95,23.92,70.22,FALHA_INJ
3600633.00,571754.00,3374142.00,4774244.00,1972.00,21799182.00,27.63,27.57,70.25,FALHA_INJ
3601163.00,434252.00,3374356.00,5100331.00,1953.00,21678973.00,23.86,23.78,70.25,FALHA_INJ
3601390.00,55889.00,3368030.00,5112364.00,1883.00,21678944.00,23.92,23.86,70.19,FALHA_INJ
3600693.00,3715869.00,3368222.00,4390087.00,1990.00,21579204.00,31.48,31.45,70.14,FALHA_INJ
3600993.00,433924.00,3368309.00,5044265.00,1999.00,21501555.00,24.06,24.00,70.25,FALHA_INJ
3601314.00,668010.00,3373979.00,4362317.00,1940.00,21819895.00,32.19,32.13,70.33,FALHA_INJ
3601245.00,757817.00,3374015.00,4984448.00,1929.00,21861401.00,24.43,24.40,70.16,FALHA_INJ
3601175.00,3661963.00,3362163.00,4188407.00,2010.00,21945569.00,14.11,14.08,85.32,RECHUPE
3601197.00,3673951.00,3362135.00,4112448.00,1843.00,21858887.00,15.19,15.16,85.32,RECHUPE
3601195.00,97901.00,3362291.00,4076297.00,1924.00,21821853.00,15.33,15.30,85.32,RECHUPE
3600868.00,187990.00,3362246.00,4042076.00,2071.00,21779321.00,14.85,14.79,85.44,RECHUPE
3600907.00,3674096.00,3362179.00,4030267.00,1943.00,21761614.00,14.25,14.23,85.58,RECHUPE
3601254.00,200049.00,3362475.00,4212341.00,1862.00,21779273.00,13.86,13.83,85.38,RECHUPE
3601466.00,248147.00,3362345.00,4088126.00,1922.00,21779710.00,14.82,14.82,85.47,RECHUPE
3600542.00,236022.00,3362890.00,4079944.00,1981.00,21698906.00,14.76,14.74,85.47,RECHUPE
3601195.00,128090.00,3362202.00,4106218.00,2036.00,21841629.00,14.54,14.48,85.38,RECHUPE
3601419.00,487814.00,3368207.00,4156115.00,1994.00,21965553.00,14.23,14.17,85.47,RECHUPE
3601244.00,200077.00,3356228.00,3934237.00,1786.00,21881010.00,14.88,14.85,85.44,RECHUPE
3601460.00,176171.00,3362114.00,4166118.00,1970.00,21881640.00,13.69,13.66,85.49,RECHUPE
3601263.00,3674157.00,3362340.00,4068229.00,1878.00,21660950.00,14.20,14.14,85.47,RECHUPE
3601164.00,422023.00,3361913.00,4136061.00,1879.00,21721008.00,14.08,14.08,85.41,RECHUPE
3601445.00,668175.00,3362120.00,4067941.00,1962.00,21899759.00,14.74,14.68,85.61,RECHUPE
3601474.00,158082.00,3362137.00,4076086.00,1943.00,21840495.00,14.45,14.42,85.44,RECHUPE
3601130.00,644226.00,3368235.00,4038283.00,1764.00,21879122.00,14.34,14.34,85.52,RECHUPE
3601200.00,656062.00,3361902.00,4140017.00,1967.00,21840892.00,13.60,13.57,85.32,RECHUPE
3601544.00,686145.00,3362021.00,4018258.00,1933.00,21839881.00,14.62,14.57,85.47,RECHUPE
3601276.00,3680126.00,3362417.00,4084363.00,1866.00,21540065.00,13.77,13.74,85.58,RECHUPE
3600906.00,410120.00,3368128.00,4156054.00,1981.00,21579876.00,14.17,14.14,85.38,RECHUPE
3601228.00,152133.00,3368485.00,4142090.00,1982.00,21739836.00,15.53,15.50,85.47,RECHUPE
3601186.00,662045.00,3368202.00,4066191.00,1954.00,21839818.00,16.12,16.07,85.58,RECHUPE
3600961.00,493955.00,3361813.00,3983912.00,1972.00,21539635.00,15.98,15.93,85.47,RECHUPE
3600807.00,770139.00,3362182.00,4050111.00,2062.00,21839949.00,14.74,14.68,85.52,RECHUPE
3600745.00,637999.00,3362226.00,4108327.00,2177.00,21680896.00,14.96,14.93,85.58,RECHUPE
3600807.00,488036.00,3368275.00,4082140.00,1989.00,21559009.00,15.47,15.44,85.44,RECHUPE
3601364.00,692134.00,3367979.00,3862055.00,1960.00,21759736.00,15.59,15.56,85.44,RECHUPE
3600949.00,847881.00,3368175.00,4116180.00,1853.00,21858929.00,14.57,14.57,85.47,RECHUPE
3601484.00,632028.00,3367972.00,3973965.00,1844.00,21639933.00,15.76,15.76,85.44,RECHUPE
3600945.00,613752.00,3362357.00,4122315.00,2034.00,21639216.00,14.91,14.88,85.35,RECHUPE
3600282.00,644172.00,3368030.00,4100264.00,1969.00,21659809.00,15.90,15.87,85.32,RECHUPE
3600988.00,727991.00,3362168.00,3950265.00,1983.00,21699017.00,16.52,16.49,85.47,RECHUPE
3601393.00,745951.00,3367912.00,4017793.00,1977.00,21739111.00,15.10,15.08,85.44,RECHUPE
3600488.00,794087.00,3362309.00,4032106.00,1950.00,21760974.00,15.42,15.36,85.49,RECHUPE
3600778.00,452014.00,3368165.00,3890327.00,1994.00,21940480.00,15.93,15.87,85.47,RECHUPE
3601200.00,68082.00,3362332.00,4100226.00,1975.00,21541188.00,14.31,14.28,85.44,RECHUPE
3601240.00,650354.00,3368199.00,3982156.00,2001.00,21580051.00,15.53,15.47,85.58,RECHUPE
3601294.00,680260.00,3362060.00,4078039.00,2009.00,21540029.00,15.16,15.08,85.44,RECHUPE
3600457.00,356088.00,3362278.00,4004066.00,1949.00,21781004.00,15.84,15.81,85.44,RECHUPE
3601057.00,3680000.00,3362240.00,3966540.00,1885.00,21318789.00,16.38,16.35,85.52,RECHUPE
3601198.00,163758.00,3362290.00,4060176.00,1972.00,21559011.00,15.81,15.81,85.35,RECHUPE
3601494.00,50138.00,3368309.00,4044005.00,1879.00,21479394.00,15.95,15.93,85.38,RECHUPE
3601406.00,649866.00,3361959.00,4144176.00,2077.00,21498911.00,15.87,15.84,85.52,RECHUPE
3600837.00,517928.00,3362056.00,3986176.00,2158.00,21921451.00,16.97,16.95,85.38,RECHUPE
3601346.00,745961.00,3362368.00,4012265.00,1856.00,21521138.00,15.95,15.93,85.44,RECHUPE
3601143.00,14129.00,3368050.00,4028287.00,1966.00,21340212.00,16.07,16.01,85.27,RECHUPE
3601089.00,668112.00,3361894.00,3989993.00,1950.00,21360980.00,16.55,16.52,85.52,RECHUPE
3600781.00,265973.00,3362083.00,3998178.00,1964.00,21641742.00,16.35,16.32,85.44,RECHUPE
3601417.00,962226.00,3362152.00,4005981.00,1953.00,21741753.00,15.64,15.61,85.47,RECHUPE
3601463.00,1616148.00,3361918.00,4033964.00,1992.00,21641843.00,15.39,15.36,85.44,RECHUPE
3600386.00,542048.00,3362235.00,4224243.00,1990.00,21839805.00,16.04,15.98,85.47,RECHUPE
3601260.00,877999.00,3362302.00,3971865.00,1941.00,21579289.00,17.29,17.26,85.47,RECHUPE
3601304.00,709949.00,3361978.00,4027950.00,1838.00,21379134.00,16.32,16.32,85.44,RECHUPE
3601155.00,8210.00,3362293.00,3944132.00,1970.00,21360038.00,16.52,16.49,85.52,RECHUPE
3600993.00,674051.00,3362161.00,3990284.00,1928.00,21319735.00,15.50,15.47,85.58,RECHUPE
3601353.00,380110.00,3368057.00,4166258.00,1912.00,21701249.00,15.16,15.10,85.47,RECHUPE
3601264.00,1268127.00,3362068.00,3836118.00,1970.00,21841048.00,16.72,16.66,85.47,RECHUPE
3601404.00,1148063.00,3368233.00,4040339.00,1978.00,21779826.00,15.47,15.47,85.32,RECHUPE
3601021.00,3692023.00,3361931.00,4046089.00,2000.00,21120885.00,15.84,15.81,85.44,RECHUPE
3601336.00,715975.00,3368171.00,4014042.00,1967.00,21159693.00,15.98,15.95,85.38,RECHUPE
3601282.00,331887.00,3362052.00,4126227.00,1954.00,21379361.00,15.73,15.67,85.64,RECHUPE
3601228.00,907994.00,3368022.00,3940301.00,1918.00,21366026.00,16.52,16.49,85.41,RECHUPE
2842979.00,3500193.00,4106474.00,5220184.00,1948.00,11100087.00,9.97,9.97,60.22,REBARBA
2842979.00,524019.00,4100807.00,5216045.00,1948.00,25360673.00,9.97,9.97,60.22,REBARBA
2815127.00,860004.00,4100806.00,5204069.00,1904.00,25601576.00,9.97,9.97,60.22,REBARBA
2770355.00,3493989.00,4105943.00,5184026.00,1925.00,23921127.00,9.97,9.97,60.13,REBARBA
2708702.00,3500261.00,4100297.00,5156455.00,1894.00,24218791.00,9.97,9.97,60.13,REBARBA
2901235.00,3494251.00,4100014.00,5178340.00,1938.00,24578481.00,9.97,9.97,60.19,REBARBA
2822657.00,2182.00,4100632.00,5194136.00,1963.00,24739054.00,9.97,9.97,60.19,REBARBA
2797013.00,278050.00,4100188.00,5154458.00,1948.00,25079291.00,9.97,9.97,60.16,REBARBA
2682449.00,680794.00,4106238.00,5104386.00,1943.00,25381221.00,9.97,9.97,60.16,REBARBA
2909302.00,800365.00,4106011.00,5152451.00,1911.00,25759931.00,9.97,9.97,60.27,REBARBA
2741258.00,3494292.00,4106384.00,5116295.00,1875.00,23901379.00,9.97,9.97,60.19,REBARBA
2801098.00,3500136.00,4106119.00,5082364.00,1770.00,24180102.00,9.97,9.97,60.16,REBARBA
2732669.00,3494118.00,4106597.00,5172311.00,1939.00,24439769.00,9.97,9.97,60.27,REBARBA
2734293.00,86073.00,4100256.00,5098276.00,1949.00,24839442.00,9.97,9.97,60.16,REBARBA
2760876.00,362936.00,4100256.00,5132048.00,1944.00,25201070.00,9.97,9.97,60.16,REBARBA
2795456.00,663131.00,4094065.00,5130402.00,1952.00,25440053.00,9.97,9.97,60.16,REBARBA
2680916.00,3494870.00,4106017.00,5082287.00,1906.00,23800074.00,9.97,9.97,60.13,REBARBA
2839182.00,3488365.00,4112625.00,5142156.00,1964.00,24179777.00,9.97,9.97,60.22,REBARBA
2753356.00,3488095.00,4100252.00,5150347.00,1955.00,24420105.00,9.97,9.97,60.13,REBARBA
2675152.00,68204.00,4105988.00,5068108.00,1981.00,24759401.00,9.97,9.97,60.16,REBARBA
2790621.00,368020.00,4106615.00,5144372.00,1979.00,25181868.00,9.97,9.97,60.25,REBARBA
2695291.00,727958.00,4106027.00,5120111.00,1856.00,25459837.00,9.97,9.97,60.16,REBARBA
2760920.00,3494203.00,4112043.00,5072203.00,1944.00,23839027.00,9.97,9.97,60.22,REBARBA
2754785.00,3494013.00,4112185.00,5112346.00,1969.00,24159686.00,9.97,9.97,60.13,REBARBA
2713156.00,3499837.00,4100264.00,5080308.00,1980.00,24504738.00,9.97,9.97,60.16,REBARBA
2736168.00,128622.00,4106192.00,5150218.00,1955.00,24901119.00,9.97,9.97,60.22,REBARBA
2700798.00,536153.00,4106172.00,5068295.00,2006.00,25279760.00,9.97,9.97,60.13,REBARBA
2911072.00,728587.00,4112405.00,5126213.00,1929.00,25680909.00,9.97,9.97,60.16,REBARBA
2741393.00,3494731.00,4106821.00,5080249.00,1949.00,23839971.00,9.97,9.97,60.16,REBARBA
2750183.00,3494392.00,4106331.00,5108053.00,1886.00,24200179.00,9.97,9.97,60.16,REBARBA
2720585.00,3494823.00,4112710.00,5136003.00,1879.00,24578705.00,9.97,9.97,60.16,REBARBA
2676920.00,236169.00,4106348.00,5064016.00,1930.00,24919242.00,9.97,9.97,60.16,REBARBA
2872841.00,470337.00,4112074.00,5148187.00,1967.00,25399701.00,9.97,9.97,60.22,REBARBA
2740311.00,842215.00,4112134.00,5114141.00,1972.00,25598942.00,9.97,9.97,60.13,REBARBA
2673009.00,3500152.00,4106895.00,5088322.00,1777.00,23959803.00,9.97,9.97,60.19,REBARBA
2782838.00,3494837.00,4106216.00,5128355.00,1931.00,24499095.00,9.97,9.97,60.22,REBARBA
2678748.00,128102.00,4118300.00,5060311.00,1985.00,24861790.00,9.97,9.97,60.13,REBARBA
2875107.00,434258.00,4112249.00,5128229.00,1933.00,25301905.00,9.97,9.97,60.27,REBARBA
2721185.00,812282.00,4106122.00,5118097.00,1958.00,25559694.00,9.97,9.97,60.16,REBARBA
2710957.00,3494001.00,4106882.00,5068305.00,1935.00,23959108.00,9.97,9.97,60.22,REBARBA
2772401.00,3494178.00,4106193.00,5148510.00,1937.00,24439401.00,9.97,9.97,60.16,REBARBA
2680836.00,80118.00,4106351.00,5074114.00,1906.00,24801285.00,9.97,9.97,60.13,REBARBA
2850745.00,422253.00,4094615.00,5140460.00,1952.00,25239203.00,9.97,9.97,60.22,REBARBA
2765073.00,878052.00,4106312.00,5120425.00,1978.00,25667498.00,9.97,9.97,60.13,REBARBA
2675355.00,3499909.00,4106183.00,5074148.00,1905.00,24020335.00,9.97,9.97,60.13,REBARBA
2779138.00,3493995.00,4107109.00,5142263.00,1937.00,24421584.00,9.97,9.97,60.22,REBARBA
2677175.00,44792.00,4106333.00,5080386.00,1936.00,24781077.00,9.97,9.97,60.16,REBARBA
2823037.00,356180.00,4100087.00,5124368.00,1925.00,25178700.00,9.97,9.97,60.22,REBARBA
2759184.00,734086.00,4100481.00,5104407.00,2005.00,25500882.00,9.97,9.97,60.13,REBARBA
2680292.00,3494171.00,4100259.00,5088341.00,1893.00,23899247.00,9.97,9.97,60.16,REBARBA
2766436.00,3494140.00,4100192.00,5144192.00,1947.00,24379193.00,9.97,9.97,60.22,REBARBA
2684902.00,3500513.00,4106732.00,5070227.00,1856.00,24698767.00,9.97,9.97,60.13,REBARBA
2794130.00,272021.00,4107067.00,5116027.00,1986.00,25099146.00,9.97,9.97,60.22,REBARBA
2767119.00,680130.00,4100263.00,5090121.00,1948.00,25440660.00,9.97,9.97,60.16,REBARBA
2714967.00,3493993.00,4106029.00,5092406.00,1918.00,23921959.00,9.97,9.97,60.19,REBARBA
2779210.00,3500273.00,4094211.00,5116383.00,1940.00,24359298.00,9.97,9.97,60.16,REBARBA
2674427.00,104164.00,4106377.00,5063969.00,1953.00,24761847.00,9.97,9.97,60.13,REBARBA
2780939.00,476077.00,4094692.00,5122103.00,1901.00,25259735.00,9.97,9.97,60.25,REBARBA
2713425.00,3494181.00,4100190.00,5070164.00,1852.00,23701183.00,9.97,9.97,60.13,REBARBA
2813075.00,3506001.00,4100765.00,5116118.00,1962.00,24159881.00,9.97,9.97,60.22,REBARBA
2783297.00,3499933.00,4100793.00,5112289.00,1841.00,24520926.00,9.97,9.97,60.16,REBARBA
2698951.00,242112.00,4094719.00,5110303.00,1977.00,24899893.00,9.97,9.97,60.19,REBARBA
2780714.00,722131.00,4081969.00,5120143.00,1927.00,25499384.00,9.97,9.97,60.22,REBARBA
2699163.00,3482233.00,4082746.00,5070171.00,1940.00,23920562.00,9.97,9.97,60.16,REBARBA